[window]
width=1554
height=1061
pos_x=2089
pos_y=53
[trackball]
tx=0.0772201
ty=0.248502
tz=-3.64182
q0=0.0340889
q1=-0.0201124
q2=0.981587
q3=0.186855
[simulation]
scene=2
setting=0
[scene]
draw=21569
